2.25 346
1.75 260
0.42 218
0.51 330
0.55 210
0.40 290
2.25 2696
1.97 1387
0.51 3209
2.47 17152
2.05 18478
0.52 31653
1.47 397
1.40 506
0.52 873
0.21 2073
0.21 4077
0.10 3159
2.46 11801
2.04 15151
0.51 31367
2.44 14098
2.03 14329
2.25 344
1.76 259
0.41 219
0.51 330
0.55 210
0.40 290
1.75 259
2.25 342
0.42 215
0.52 331
0.55 212
0.40 288
1.82 2233
1.93 2262
0.52 4490
0.22 1879
0.29 4600
0.20 3619
2.47 16706
2.04 18027
0.52 31897
2.04 10136
0.51 23719
0.60 1793
2.05 17880
2.47 16596
0.52 31745
0.20 184
0.12 298
0.08 398
0.19 183
0.12 298
0.08 332
0.19 178
0.12 298
0.08 398
9.45 26
4.72 170
4.85 49
4.47 28
9.39 168
18.58 87
2.25 346
9.39 87
4.02 88
19.55 31
1.76 259
0.43 211
19.52 31
18.58 87
4.48 28
18.50 170
9.50 26
4.85 49
9.49 168
9.75 48
2.30 343
19.42 48
4.73 169
1.77 258
0.42 219
1.76 260
0.42 219
2.25 345
1.76 258
0.42 208
0.52 331
0.55 213
0.40 290
2.46 2859
2.04 3384
0.52 5444
0.18 213
0.12 2123
0.09 2652
1.01 348
0.81 435
0.19 217
0.52 457
0.77 240
0.53 326
0.19 183
0.12 298
0.08 398
0.19 176
0.12 298
0.08 398
0.19 181
0.12 298
0.08 398
0.20 179
0.12 298
0.08 398
0.19 188
0.12 298
0.08 398
0.18 182
0.12 298
0.08 398
0.19 183
0.12 298
0.08 398
0.20 184
0.12 298
0.08 398
0.19 182
0.12 298
0.08 398
0.19 184
0.12 298
0.08 398
0.19 187
0.12 298
0.08 398
0.19 182
0.12 298
0.08 398
0.18 185
0.12 298
0.08 398
0.19 179
0.12 298
0.08 398
0.19 181
0.12 298
0.08 397
0.19 182
0.12 298
0.08 398
2.25 347
1.76 259
0.42 215
0.52 327
0.55 210
0.40 289
1.72 3397
1.91 3337
0.50 5363
2.46 11611
2.05 15639
0.53 512
0.52 578
0.12 298
0.08 398
2.46 13925
2.04 14579
0.52 28241
0.41 597
0.82 2862
0.72 1781
2.47 15458
2.04 16843
0.52 28557
1.84 3094
1.89 2880
0.51 23800
1.99 1609
2.12 2578
0.52 1914
0.87 757
0.32 892
0.83 958
0.92 1104
0.76 611
0.28 241
2.23 5790
1.75 3019
0.51 19372
1.48 1520
1.48 546
0.45 509
1.74 4607
1.69 657
0.45 640
1.32 999
0.51 407
1.02 827
2.40 3945
2.03 3095
0.52 10367
1.85 853
1.91 969
0.52 822
2.16 1186
1.78 813
0.51 540
1.45 476
1.49 600
0.47 414
1.66 708
1.74 760
0.38 817
1.83 744
2.04 1005
0.37 483
2.30 589
1.96 1434
0.52 4176
2.05 9986
1.03 1398
0.33 517
1.59 687
1.38 630
0.46 319
1.76 512
1.77 653
0.44 334
1.99 385
2.01 701
0.52 1606
1.98 484
2.11 481
0.52 741
1.90 595
1.77 591
0.41 601
1.34 242
1.27 345
0.49 1737
1.86 348
2.11 437
0.41 304
1.94 406
1.70 283
0.29 224
1.95 455
2.29 355
0.37 615
1.41 1197
1.39 2542
0.43 334
1.73 1220
1.00 682
0.24 709
1.93 331
1.95 325
0.46 406
1.80 614
1.94 387
0.43 308
1.81 353
1.67 441
0.36 243
1.91 426
2.03 321
0.37 278
1.90 613
2.28 472
0.36 262
2.01 494
1.96 298
0.36 243
1.78 267
2.42 366
0.42 630
2.29 545
1.90 291
0.42 245
2.09 800
1.60 1734
0.31 773
1.82 1929
2.20 701
0.43 625
1.44 310
1.03 221
0.43 271
2.05 15291
2.47 13353
0.52 31160
2.03 337
2.10 1378
0.52 579
1.28 1148
0.52 608
1.14 1159
1.84 2028
1.39 1856
0.44 655
1.25 2197
1.36 1542
0.35 711
1.86 2634
2.32 1021
0.38 708
1.39 2934
1.38 1940
0.52 3617
1.46 995
1.59 1376
0.49 1160
1.78 979
1.76 1011
0.51 885
1.86 2664
2.09 936
0.52 2143
1.80 1230
1.97 948
0.52 1537
1.94 2633
2.21 1469
0.52 1718
1.97 825
1.92 650
0.50 2364
1.83 845
1.91 729
0.48 1670
1.78 583
1.87 533
0.44 1002
1.56 347
1.88 396
0.19 207
1.97 1255
1.91 450
0.52 1063
1.98 613
2.04 999
0.52 1172
1.91 670
1.93 715
0.52 947
1.85 1418
2.29 1225
0.52 1378
1.87 941
1.91 851
0.52 940
2.18 602
1.66 453
0.43 402
1.91 854
2.30 662
0.53 32136
2.00 551
2.42 567
0.26 572
2.20 516
1.99 593
0.44 336
1.98 644
1.75 480
0.49 299
2.18 533
1.97 790
0.36 232
1.91 575
1.77 393
0.37 238
1.87 726
2.32 521
0.52 835
1.80 864
2.35 617
0.47 844
2.28 439
1.98 1740
0.37 237
1.77 332
1.98 376
0.37 260
2.02 377
1.81 274
0.49 305
1.84 323
2.13 364
0.37 251
2.29 369
1.77 320
0.38 259
1.62 435
1.73 334
0.33 248
2.14 451
1.76 365
0.37 245
1.85 368
1.73 299
0.37 233
0.95 555
0.49 2773
0.20 401
1.79 981
1.89 518
0.31 744
2.23 379
1.80 352
0.37 247
2.25 385
1.79 319
0.37 239
2.24 388
1.73 330
0.36 277
2.04 364
1.76 310
0.34 304
2.47 1598
2.05 2552
0.52 25360
1.67 284
2.12 512
0.36 234
1.99 4415
2.12 3259
0.52 5673
1.61 372
2.16 360
0.35 701
2.25 353
1.74 303
0.40 239
1.74 297
2.27 369
0.36 232
1.77 276
2.18 366
0.39 4841
2.30 365
1.79 279
0.36 246
1.67 299
2.19 366
0.37 711
2.19 423
1.74 321
0.40 237
1.70 259
2.18 344
0.36 231
1.60 266
2.15 438
0.33 231
1.77 377
2.26 600
0.37 258
2.26 353
1.67 336
0.36 604
2.23 352
1.73 259
0.31 235
2.28 363
1.59 275
0.42 241
2.07 449
1.68 639
0.37 260
1.76 293
2.31 349
0.42 240
1.79 328
2.24 749
0.37 658
2.23 357
1.85 280
0.36 232
2.09 486
1.70 320
0.37 249
2.15 359
1.99 329
0.21 1719
1.65 2918
2.15 1665
0.20 600
2.05 1133
1.65 662
0.20 270
2.06 370
1.85 299
0.36 225
2.20 500
1.78 750
0.37 697
1.88 868
2.12 1000
0.36 235
1.76 1848
1.99 521
0.36 242
2.18 579
1.83 1446
0.36 237
2.14 376
1.64 459
0.36 239
2.13 350
1.88 306
0.19 206
2.29 353
1.91 290
0.36 268
1.65 999
2.14 357
0.36 231
1.82 3324
2.08 885
0.39 1566
1.84 275
2.02 409
0.36 233
2.26 355
1.75 429
0.26 222
1.76 854
2.04 442
0.35 237
1.77 300
1.87 524
0.36 680
2.21 1336
1.83 2479
0.42 241
2.12 343
1.79 304
0.36 227
2.17 345
1.74 271
0.35 234
2.20 355
1.79 275
0.33 234
1.81 2048
2.36 479
0.34 216
2.12 338
1.65 286
0.35 231
1.66 306
2.12 354
0.36 231
1.67 999
2.10 532
0.36 224
2.23 369
1.64 1098
0.37 1556
2.20 372
1.80 1000
0.37 665
2.16 363
1.67 1098
0.38 257
2.38 435
1.97 412
0.38 1884
1.92 2436
2.30 1176
0.37 243
2.12 364
1.76 266
0.36 254
2.27 352
1.84 289
0.34 243
1.79 764
1.71 1385
0.35 258
2.05 332
1.71 2234
0.36 244
2.16 393
1.69 800
0.33 245
2.10 345
1.79 284
0.31 241
2.07 429
1.87 351
0.35 265
2.14 354
1.82 278
0.35 228
2.35 355
1.70 260
0.34 228
2.20 338
1.70 274
0.35 269
1.84 270
2.13 339
0.34 251
2.35 358
1.81 266
0.34 257
2.08 1014
1.85 2058
0.37 253
2.33 355
1.72 260
0.35 663
2.32 351
1.81 270
0.30 243
2.36 386
2.00 380
0.34 263
2.17 346
1.78 263
0.31 539
2.21 343
1.64 259
0.34 273
1.94 328
2.36 357
0.20 219
1.75 262
2.13 332
0.30 701
2.23 340
1.84 268
0.34 252
2.34 355
1.92 340
0.19 543
1.81 264
2.20 341
0.40 645
1.82 268
1.76 313
0.34 289
1.98 574
2.24 439
0.46 710
1.82 288
2.04 359
0.36 228
2.03 346
1.86 271
0.35 565
1.89 321
2.35 417
0.19 501
2.27 343
1.79 267
0.43 252
2.24 350
1.84 278
0.38 256
1.85 271
1.76 335
0.20 215
1.78 350
2.05 429
0.21 1739
1.78 264
2.11 330
0.30 606
2.11 337
1.77 266
0.36 232
2.36 433
1.96 331
0.42 658
1.87 296
2.20 354
0.37 236
2.38 375
1.77 269
0.34 232
2.04 332
1.77 269
0.34 637
2.28 347
1.81 274
0.36 614
2.05 359
1.84 275
0.35 234
2.04 336
1.85 269
0.35 669
1.88 279
2.17 342
0.35 700
1.71 262
2.04 341
0.34 683
2.14 3398
1.85 1138
0.44 4636
2.28 345
1.86 279
0.35 699
2.29 358
1.85 273
0.37 231
1.89 289
2.35 356
0.35 697
2.18 363
1.73 261
0.38 668
1.89 277
1.92 339
0.35 682
1.90 277
2.25 346
0.35 208
2.00 4464
1.99 5702
0.46 11230
2.35 351
1.80 271
0.35 700
1.81 268
2.29 359
0.35 613
1.72 274
2.28 357
0.40 659
2.37 359
1.90 278
0.33 666
1.66 260
2.19 350
0.34 702
2.43 772
2.04 1982
0.51 1536
2.29 700
1.75 861
0.36 682
2.28 352
1.66 291
0.21 229
2.29 358
1.80 263
0.38 259
2.13 470
1.73 375
0.37 701
1.59 244
2.14 332
0.36 684
2.22 361
1.79 291
0.37 234
2.29 435
1.99 346
0.36 264
1.75 1448
2.06 648
0.36 700
2.32 381
1.83 275
0.38 666
1.78 266
2.27 353
0.37 699
1.77 257
2.23 345
0.40 657
2.20 343
1.65 239
0.36 224
2.25 343
1.82 262
0.29 613
2.16 340
1.67 265
0.41 240
2.28 344
1.79 262
0.41 233
2.26 536
1.80 624
0.37 234
1.86 267
2.14 331
0.36 699
2.20 404
1.81 339
0.52 11303
2.31 507
1.81 344
0.37 248
1.80 299
2.16 333
0.36 256
2.12 338
1.36 230
0.30 608
2.10 389
1.69 267
0.38 234
1.52 237
2.09 336
0.43 272
1.80 319
2.19 366
0.43 282
1.82 274
2.14 432
0.41 239
2.03 468
2.43 468
0.48 300
2.26 356
1.63 238
0.38 248
1.78 267
1.96 333
0.41 240
1.78 266
2.11 345
0.42 240
2.19 345
1.79 264
0.42 241
1.58 2467
1.79 3506
0.27 300
2.34 427
1.73 324
0.52 727
1.99 398
2.18 660
0.51 735
2.12 356
1.86 533
0.49 784
1.71 466
1.89 418
0.40 1891
1.74 439
2.03 441
0.52 1085
0.51 521
0.67 348
0.14 2079
1.94 378
2.20 387
0.32 447
1.81 392
2.18 449
0.25 435
2.24 358
1.78 298
0.36 230
1.92 498
2.21 510
0.27 856
1.88 481
2.28 435
0.35 232
2.03 2908
2.32 477
0.36 255
2.28 428
1.80 369
0.36 225
2.11 346
1.68 274
0.20 207
1.83 301
1.87 395
0.36 222
2.28 1290
1.91 2538
0.37 253
2.14 584
1.79 905
0.36 217
2.26 616
1.49 2479
0.35 225
1.84 411
2.29 351
0.39 232
2.26 354
1.83 428
0.42 691
1.78 264
2.17 352
0.36 231
2.27 346
1.82 298
0.35 233
1.79 363
2.02 369
0.39 279
1.63 389
2.06 350
0.37 255
1.91 2491
2.22 1223
0.42 625
2.19 339
1.77 272
0.43 273
2.27 420
1.78 256
0.43 280
1.78 257
2.24 342
0.42 245
1.67 251
1.85 341
0.38 258
1.80 326
2.27 513
0.43 292
1.83 1671
2.16 637
0.42 267
2.47 2556
2.02 4284
0.44 607
2.28 354
1.69 263
0.43 315
2.39 409
1.85 544
0.41 266
2.02 558
0.52 1864
0.47 1547
2.05 16369
2.47 14917
0.37 4485
2.29 402
1.95 339
0.51 763
1.72 336
1.58 262
0.53 805
2.39 444
2.00 386
0.52 518
1.98 330
1.92 277
0.30 356
2.03 381
2.27 419
0.51 773
2.38 434
1.98 431
0.50 891
2.48 527
2.07 541
0.52 963
2.23 422
1.69 361
0.51 882
1.72 317
2.19 383
0.51 567
1.77 261
2.06 359
0.50 891
1.96 377
1.79 410
0.39 907
1.80 568
2.07 398
0.36 319
2.28 357
1.84 561
0.49 785
2.22 346
1.76 380
0.35 597
1.70 257
2.08 340
0.41 762
2.28 350
1.72 592
0.37 551
1.79 267
2.23 352
0.46 596
1.76 259
2.11 341
0.37 619
2.27 346
1.78 379
0.43 624
2.25 345
1.74 274
0.44 402
1.80 285
2.21 346
0.43 604
2.20 335
1.77 261
0.38 1394
2.27 382
1.78 264
0.43 540
2.14 345
1.65 253
0.43 701
2.12 370
1.55 425
0.52 1909
1.78 271
2.12 344
0.43 569
2.24 537
1.80 263
0.36 631
1.79 401
2.20 930
0.36 753
2.05 343
1.48 246
0.38 558
1.78 259
2.17 353
0.43 428
2.06 343
1.67 247
0.43 1220
2.08 335
1.72 315
0.43 570
1.89 343
1.43 256
0.42 253
1.85 481
2.10 343
0.36 698
1.80 281
2.09 340
0.43 709
1.77 281
2.27 351
0.44 1706
2.16 394
1.93 326
0.44 702
1.81 301
2.13 357
0.43 572
2.29 351
1.81 285
0.42 666
2.20 336
1.80 300
0.36 233
2.44 532
1.64 3757
0.45 1708
1.79 268
1.97 340
0.37 287
2.24 350
1.76 265
0.37 246
1.76 359
2.18 436
0.43 707
2.21 348
1.76 259
0.36 235
2.25 346
1.77 256
0.37 270
1.78 268
2.29 353
0.36 230
2.21 342
1.62 240
0.36 1310
1.67 252
2.11 336
0.42 241
2.30 511
1.75 2103
0.42 639
1.74 263
2.22 350
0.35 245
2.24 349
1.63 262
0.37 1283
1.79 270
2.25 361
0.37 226
1.78 264
2.03 343
0.30 242
2.28 364
1.78 258
0.37 581
2.38 576
1.90 420
0.43 573
1.81 321
2.31 430
0.35 237
1.81 320
2.31 468
0.40 240
2.24 339
1.67 293
0.36 229
1.62 245
2.09 342
0.36 226
2.26 354
1.67 254
0.35 232
2.30 348
1.82 379
0.36 291
0.56 3556
0.36 658
0.17 1922
1.64 10419
1.16 13254
0.37 679
1.63 390
0.96 382
0.36 198
1.49 384
1.02 389
0.41 220
0.98 399
1.31 401
0.41 224
1.41 365
1.28 393
0.42 225
1.79 265
2.17 332
0.42 237
1.79 266
2.25 340
0.42 239
1.78 259
2.26 340
0.41 274
1.81 301
2.30 355
0.42 257
2.17 635
1.84 546
0.42 300
1.87 270
2.28 349
0.42 244
1.79 434
2.30 413
0.42 261
1.75 2322
2.32 599
0.42 662
1.83 277
2.27 346
0.33 239
1.85 277
2.25 344
0.40 255
2.31 384
1.81 301
0.42 275
1.80 288
2.21 363
0.36 700
2.20 345
1.75 263
0.35 234
1.79 301
2.21 360
0.30 217
2.30 350
1.75 288
0.42 243
2.31 361
1.68 285
0.42 244
2.23 372
1.72 269
0.35 258
1.77 268
2.18 349
0.42 240
2.18 346
1.83 269
0.33 230
2.27 341
1.65 251
0.42 240
1.75 269
2.25 350
0.37 248
2.43 1182
1.73 2568
0.42 702
2.26 344
1.73 265
0.43 243
1.83 271
2.27 340
0.42 240
1.85 284
2.24 356
0.42 241
1.79 264
2.14 338
0.42 626
2.26 349
1.65 257
0.42 654
2.28 343
1.70 262
0.36 255
2.28 341
1.80 263
0.36 285
2.21 339
1.70 260
0.37 271
2.26 341
1.72 269
0.42 260
2.23 344
1.69 266
0.37 291
2.28 346
1.62 245
0.38 300
1.77 264
2.24 349
0.42 244
1.80 258
2.27 347
0.41 242
2.32 557
1.83 838
0.38 658
2.27 345
1.72 257
0.37 262
2.28 346
1.67 258
0.42 240
2.26 341
1.78 258
0.41 237
2.25 340
1.70 253
0.38 297
1.77 264
2.27 348
0.36 254
1.75 251
2.23 339
0.29 216
2.27 346
1.86 271
0.37 610
2.16 343
1.62 240
0.42 243
2.27 348
1.63 246
0.36 232
1.78 264
2.28 349
0.41 239
1.77 255
2.27 348
0.36 608
2.19 348
1.66 243
0.36 228
1.60 245
1.63 334
0.42 264
2.11 334
1.62 244
0.42 603
2.15 332
1.63 241
0.43 618
2.28 349
1.63 247
0.42 615
2.27 347
1.63 239
0.41 659
1.80 269
2.27 340
0.37 278
2.28 353
1.84 295
0.23 406
2.13 332
1.62 245
0.33 346
2.06 352
1.76 261
0.23 336
2.29 347
1.79 269
0.21 420
2.25 338
1.66 255
0.38 267
1.61 242
2.16 336
0.22 407
1.76 262
2.26 339
0.34 402
2.29 355
1.72 257
0.37 232
2.28 347
1.68 259
0.36 230
2.32 380
1.78 264
0.42 240
2.12 335
1.64 244
0.36 608
1.69 257
2.28 349
0.31 653
2.20 349
1.62 267
0.43 671
2.26 348
1.63 248
0.36 516
2.32 466
1.88 310
0.42 703
1.80 274
2.28 342
0.36 708
2.28 347
1.62 247
0.36 646
0.52 580
0.12 299
0.11 397
1.74 349
1.96 337
0.42 533
1.47 333
1.48 244
0.52 332
1.70 272
1.74 343
0.36 690
2.29 349
1.79 269
0.43 312
2.24 348
1.79 272
0.36 234
2.45 392
2.04 430
0.36 668
1.54 2124
0.30 750
0.22 1398
2.27 347
1.77 268
0.37 709
2.17 335
1.87 280
0.44 290
2.26 354
1.71 311
0.42 251
0.36 224
0.59 243
0.52 552
2.28 346
1.75 373
0.40 1254
2.18 381
1.78 308
0.43 570
2.19 346
1.63 256
0.42 624
1.84 492
2.29 461
0.42 525
2.29 347
1.84 268
0.43 605
2.07 332
1.68 269
0.43 660
2.23 342
1.81 266
0.37 548
2.33 355
1.82 269
0.39 319
1.84 344
2.20 350
0.37 698
1.84 288
2.04 334
0.42 1476
2.28 352
1.66 284
0.43 239
2.32 460
1.89 1966
0.43 706
2.33 572
1.83 319
0.37 710
2.42 396
1.91 285
0.45 777
2.41 410
1.71 260
0.42 654
2.26 350
1.85 274
0.29 670
2.03 331
1.57 257
0.36 262
2.24 449
1.79 260
0.37 247
2.03 327
1.64 249
0.38 280
2.26 349
1.72 254
0.37 312
2.25 2965
1.56 250
0.36 257
2.29 349
1.78 260
0.39 253
2.20 352
1.36 232
0.36 602
2.04 331
1.35 231
0.35 243
1.28 329
1.04 255
0.37 967
2.25 371
1.78 269
0.39 456
2.22 387
1.56 288
0.37 260
2.28 353
0.94 230
0.37 278
2.23 345
1.37 231
0.37 255
2.28 349
1.82 280
0.43 276
1.62 246
2.02 331
0.42 584
2.28 347
1.30 234
0.43 660
2.22 350
1.79 272
0.34 251
2.26 344
1.59 240
0.37 700
1.77 263
2.27 343
0.36 279
1.51 238
1.91 331
0.36 750
1.94 325
1.78 260
0.37 258
2.14 332
1.25 230
0.34 238
2.23 352
1.10 240
0.37 236
2.12 348
1.47 259
0.35 730
2.28 356
1.83 266
0.36 216
1.78 263
1.82 349
0.30 501
1.70 251
2.27 364
0.42 566
2.24 344
1.89 494
0.37 293
1.67 251
2.02 346
0.33 242
2.14 333
1.56 244
0.32 237
2.27 353
1.72 248
0.37 227
2.07 354
1.76 260
0.35 230
2.21 358
1.63 257
0.42 641
2.29 347
1.72 263
0.42 499
2.31 351
1.79 268
0.42 300
2.30 358
1.81 269
0.36 433
2.25 345
1.51 233
0.29 218
2.04 339
1.60 256
0.42 306
2.28 348
1.65 246
0.42 506
2.26 348
1.72 254
0.42 240
1.78 260
2.24 368
0.42 240
2.30 350
1.80 271
0.42 700
2.24 343
1.48 243
0.37 249
2.27 346
1.74 268
0.42 237
2.32 369
1.75 999
0.36 235
1.63 4036
1.52 3037
0.40 502
1.99 340
0.86 1096
0.36 224
1.03 4246
0.86 3216
0.36 217
1.75 308
1.44 231
0.36 228
2.17 356
1.89 305
0.38 511
2.28 349
1.73 257
0.36 216
2.33 357
1.73 263
0.42 251
2.33 356
1.75 268
0.33 251
1.94 322
1.53 235
0.36 281
2.26 352
1.78 260
0.40 663
1.85 326
1.38 238
0.34 275
1.75 264
2.14 339
0.42 653
2.09 330
1.37 232
0.42 238
2.17 337
1.78 258
0.36 247
2.06 373
1.78 259
0.42 654
2.23 340
1.63 259
0.37 215
2.26 345
0.42 215
1.77 259
2.26 344
0.42 214
0.52 337
0.55 209
0.40 290
2.17 3974
1.90 4175
0.52 9253
0.34 385
0.45 262
0.36 323
0.35 204
0.12 297
0.08 396
2.51 3324
2.08 7061
0.52 32319
2.02 14324
2.32 14013
0.52 32838
2.41 12904
2.01 14391
0.52 32442
2.40 12124
2.00 14615
0.52 32666
2.05 14913
2.46 14705
0.52 32552
2.25 2663
1.92 2225
0.52 32480
2.51 16453
2.08 17922
0.52 30990
2.51 16552
2.08 18173
0.52 32089
2.51 16715
2.08 18159
0.52 31477
2.51 16719
2.08 18285
0.52 31335
2.52 16697
2.08 18227
0.52 32427
2.52 16481
2.08 17970
0.52 30269
2.51 16512
2.08 17792
0.52 31063
2.33 10557
2.08 17766
0.52 30443
2.51 13175
2.08 14888
0.52 29520
2.08 11755
2.45 10334
0.53 29210
2.33 11349
1.73 1984
0.52 29103
0.52 3401
1.06 1526
1.03 2339
1.82 2145
2.00 1839
0.52 2674
2.23 576
1.97 531
0.44 1083
0.12 608
0.22 1476
0.10 329
0.49 1100
0.96 236
0.71 319
2.14 1173
1.76 1153
0.51 1841
1.92 3874
2.32 2289
0.51 4503
2.42 1984
2.01 4053
0.52 24735
1.99 3699
2.29 1940
0.52 25058
1.97 4538
2.38 2011
0.52 4906
2.26 344
1.76 259
0.42 218
0.52 329
0.55 211
0.40 289
0.52 577
0.12 297
0.08 398
2.51 4279
2.08 5565
0.52 32786
2.24 454
1.61 456
0.22 577
0.19 213
0.12 298
0.08 398
2.18 3482
1.87 3738
0.52 7750
2.40 2486
2.08 12249
0.52 29178
2.08 3569
1.50 1061
0.53 787
0.19 186
0.12 297
0.08 397
0.19 185
0.12 297
0.08 396
0.19 183
0.12 297
0.08 397
0.19 181
0.12 297
0.08 397
0.18 181
0.12 297
0.08 397
0.18 183
0.12 297
0.08 397
0.19 180
0.12 297
0.08 394
0.18 177
0.12 297
0.08 396
0.19 189
0.12 297
0.08 397
0.19 183
0.12 297
0.08 397
0.19 182
0.12 297
0.08 396
0.19 181
0.12 297
0.08 302
0.19 183
0.12 297
0.08 396
0.19 184
0.12 297
0.08 383
0.18 180
0.12 297
0.08 396
0.19 181
0.12 297
0.08 397
0.18 176
0.12 297
0.08 397
0.18 189
0.12 297
0.08 397
0.19 177
0.12 297
0.08 397
0.18 190
0.12 297
0.08 397
0.19 181
0.12 297
0.08 397
0.19 184
0.12 297
0.08 396
0.19 179
0.12 297
0.08 303
0.18 189
0.12 297
0.08 355
0.19 179
0.12 297
0.08 396
0.19 177
0.12 202
0.08 397
0.19 184
0.12 297
0.08 397
0.19 182
0.12 297
0.08 397
0.18 186
0.12 297
0.08 375
0.18 186
0.12 297
0.08 397
0.19 173
0.12 297
0.08 397
0.19 186
0.12 297
0.08 397
0.19 183
0.12 297
0.08 397
0.19 188
0.12 297
0.08 315
0.19 176
0.12 297
0.08 397
0.19 183
0.12 297
0.08 303
0.18 177
0.12 297
0.08 397
0.18 184
0.12 297
2.26 346
1.76 258
2.26 345
1.76 260
0.42 220
2.25 346
1.75 260
0.42 220
0.52 333
0.55 209
0.40 288
2.13 3987
1.86 4128
0.50 7308
2.48 10497
2.04 11381
0.52 26360
1.78 258
2.29 342
0.41 219
2.29 342
1.78 256
0.42 218
0.52 331
0.55 210
0.40 290
1.95 794
2.32 866
0.48 2306
2.52 16208
0.19 200
2.35 354
1.85 250
2.29 343
1.79 258
0.42 216
1.80 255
1.45 307
0.52 577
0.19 198
2.29 340
1.77 257
0.42 218
2.35 377
1.72 287
2.08 442
1.54 356
0.28 280
0.15 210
0.11 299
0.08 386
0.11 288
0.08 387
0.11 299
0.08 388
0.18 212
0.11 292
0.08 398
0.17 226
0.11 389
0.08 400
0.17 207
0.11 295
0.08 387
0.17 215
0.11 387
0.08 386
0.18 207
0.11 291
0.08 387
0.18 209
0.11 288
0.08 386
0.18 228
0.11 291
0.08 488
0.19 220
0.11 292
0.08 387
0.18 208
0.11 387
0.08 387
0.16 176
0.11 300
0.08 388
0.17 204
0.11 288
0.08 387
0.17 218
0.11 385
0.08 487
0.18 208
0.11 289
0.08 387
0.19 213
0.11 387
0.08 488
0.18 212
0.11 287
0.08 387
0.18 211
0.11 288
0.08 388
